-0.06888515443875858,1.0285748948181013,-1.2223811179843125,67.02761888201569,0.16894200580031352,0.37224529238524734,0.24910855724692893,0.0,0.146571324657784,0.06652079713843101,2.6303779176088438,0.255
0.02421504018993071,0.6340382905517002,1.8501135356856366,69.60011353568564,0.27394530858696653,0.7053619592931956,0.2826155460773832,0.0,0.20193830491558773,0.0784278915623162,4.145061780689759,0.265
0.02751369263384293,0.21283318234031615,-3.9438669621139226,63.30613303788608,0.05257203284196571,0.08075707100140368,0.050520696175428606,55.0,0.022348914127353875,0.014548916062905464,0.5148850605032642,0.275
0.02574584619072499,0.19334082870757743,-3.853016944763745,62.896983055236255,0.05788806591527803,0.0897103169879352,0.05406533084269148,55.0,0.025006084502463364,0.0161358683879836,0.5721621546858863,0.28500000000000003
0.02439881366882367,0.17626341639756543,-3.7896949690240405,62.46030503097596,0.06192380819875497,0.09574461342579405,0.05626363832034065,55.0,0.026874174932318848,0.01738114755978921,0.612447823491704,0.29500000000000004
0.0232900169528953,0.16115621551246234,-3.7449228140144584,62.00507718598554,0.06509013128006422,0.09981098287710616,0.05759955697689878,55.0,0.028210500103978325,0.018397025079946318,0.6413076492006892,0.30500000000000005
0.022335620755782423,0.14769897399769522,-3.713558382527239,61.53644161747276,0.06761698916834548,0.10245676770796391,0.058344107341662114,55.0,0.029162247622340563,0.0192458089955061,0.6619227466009182,0.31500000000000006
0.021490710180265035,0.13565062272204803,-3.692296192389513,61.05770380761049,0.06964971196059819,0.10403521110630465,0.05866666562495625,55.0,0.029823898482801783,0.019966566288280287,0.6763337657740764,0.32500000000000007
0.020728773905412435,0.12482280486115266,-3.678839915513258,60.57116008448674,0.07128831106297276,0.10479240474306266,0.05868110732368359,55.0,0.030260995176152695,0.02058598848344019,0.6859554617396431,0.3350000000000001
0.020033121387062244,0.11506406981921041,-3.6715016751099725,60.07849832489003,0.07260624619933023,0.10490949163789992,0.05846817840697604,55.0,0.030521654726293295,0.021123567971495345,0.6918258065377509,0.3450000000000001
0.019392776666670764,0.1062499235708231,-3.6689860680340374,59.58101393196596,0.07366039257433377,0.1045254629478114,0.05808755154355443,55.0,0.0306427764254881,0.021594345314652874,0.6947402452882436,0.3550000000000001
0.01880031251269848,0.09827624289837747,-3.670264314071204,59.07973568592879,0.07449675762955306,0.10375046925446593,0.05758484006297225,55.0,0.0306536607007798,0.022010486777497167,0.6953299326683787,0.3650000000000001
0.018250619743776904,0.0910547252870701,-3.6744964433704226,58.57550355662957,0.07515395441138349,0.10267406769503425,0.056995921269246554,55.0,0.030578247719869996,0.022382245943005974,0.6941101167704631,0.3750000000000001
0.017740165658618554,0.08450963093909605,-3.6809808946135476,58.069019105386445,0.07566540683357316,0.10137057541247695,0.05634972402048312,55.0,0.03043656805944201,0.022718577806868798,0.6915114896168546,0.3850000000000001
0.0172665254725844,0.07857537967070953,-3.6891206239979226,57.56087937600207,0.07606079787225131,0.09990267811062631,0.055670091791992116,55.0,0.030245718427739463,0.023027545600788263,0.6879012757935552,0.39500000000000013
0.016828074463569723,0.07319473384767575,-3.698399606468378,57.051600393531615,0.07636704523077752,0.09832393957728561,0.054977064617575185,55.0,0.030020538138075516,0.02331659821299834,0.6835978589765679,0.40500000000000014
0.016423779015750956,0.06831739543186899,-3.7083661198959987,56.541633880103994,0.07660897103859612,0.09668059371825377,0.05428778249692262,55.0,0.02977408998159429,0.023592763649628427,0.6788811871145649,0.41500000000000015
0.01605305086265446,0.06389890335419124,-3.718620593010982,56.03137940698901,0.07680976728714702,0.09501285399727372,0.05361713474976916,55.0,0.029518009236737135,0.02386278619015793,0.674000333659032,0.42500000000000016
0.015715643053979315,0.05989975362164263,-3.728806603895606,55.52119339610439,0.07699132138136852,0.09335589002221019,0.05297823447841862,55.0,0.029262761414743873,0.024133224674445848,0.6691790918311635,0.43500000000000016
0.015411574265545843,0.05628468784646365,-3.738604101704915,55.01139589829508,0.07717444384992593,0.09174056960917479,0.05238276998114246,55.0,0.029017835394750075,0.024410523259870538,0.6646201773937545,0.4450000000000002
0.015141072858305666,0.053022111299563295,-3.7477242271763487,54.502275772823644,0.07737902642845591,0.09019403256003873,0.05184126793975798,55.0,0.028791889909490335,0.0247010622210358,0.6605084275072772,0.4550000000000002
0.014904535017963254,0.050083612063474274,-3.755905301941816,53.99409469805817,0.07762414990663397,0.08874014175417642,0.051363292294457435,55.0,0.028592865763208943,0.02501119396915021,0.6570132626860896,0.4650000000000002
0.014702493146467899,0.04744356014275216,-3.7629096847669885,53.487090315233,0.07792815534583991,0.08739984354279373,0.050957595546927276,55.0,0.02842807248826258,0.025347267904014266,0.6542905994810293,0.4750000000000002
0.014535591871724369,0.04507877055001057,-3.7685212791897698,52.981478720810216,0.07830868838970428,0.08619146024901919,0.050632234411577715,55.0,0.028304255669665858,0.025715646665396948,0.6524843480264342,0.4850000000000002
0.014404569821552086,0.04296821812784171,-3.7725435364681914,52.477456463531794,0.07878272371933251,0.08513093124951115,0.05039465842937277,55.0,0.02822764946240411,0.026122715635810905,0.6517275917953651,0.4950000000000002
0.01431024584423738,0.041092794605371546,-3.7747978393914536,51.97520216060853,0.0793665748322522,0.08423201467878043,0.05025177785060629,55.0,0.02820401763116021,0.026574887047757446,0.6521435211270397,0.5050000000000002
0.014253508727062257,0.03943510043180375,-3.775122182193691,51.474877817806295,0.0800758929832605,0.08350645863763594,0.050210015454948576,55.0,0.0282386855896493,0.027078599693432206,0.6538461737144178,0.5150000000000002
0.014235309716645132,0.037979265481985325,-3.773370083313175,50.97662991668681,0.08092565814567715,0.08296414850192887,0.050275345797092946,55.0,0.028336565299034482,0.02764031497724596,0.6569410219294465,0.5250000000000002
0.014256657333985002,0.036710793907861534,-3.769409683511732,50.480590316488254,0.08193016412402512,0.08261323525624349,0.050453324503441144,55.0,0.028502174430255024,0.02826650986030601,0.6615254370832933,0.5350000000000003
0.014318614110729579,0.0356164293272645,-3.7631229936190635,49.98687700638092,0.0831029993970573,0.08246024853805106,0.050749109605902905,55.0,0.028739650855633233,0.028963667101066615,0.6676890534222069,0.5450000000000003
0.014422294972390243,0.03468403725964204,-3.7544052650296678,49.49559473497032,0.0844570248433803,0.08251019715008903,0.051167476418577634,55.0,0.029052763277860518,0.02973826308357651,0.6755140491381236,0.5550000000000003
0.014568873787514001,0.03390249485553469,-3.743164448831074,49.00683555116891,0.0860043502014456,0.08276666034078049,0.051712826754449055,54.0,0.029444918499142058,0.0305967532316329,0.6850753603457975,0.5650000000000003
0.014759557605409703,0.03326163046257648,-3.7293208127045148,48.52067918729547,0.08775630361543348,0.08323186391711258,0.05238919539423318,54.0,0.029919166429417162,0.03154555634745062,0.6964408203193946,0.5750000000000003
0.014995629506572343,0.0327520996043328,-3.7128064952175848,48.0371935047824,0.08972341002481293,0.08390676093339847,0.05320024929215553,54.0,0.03047820155059601,0.03259103490734946,0.7096712744932244,0.5850000000000003
0.015278425125833855,0.03236534513757119,-3.6935652694291434,47.55643473057084,0.09191535800115978,0.08479109288760447,0.054149286846015394,54.0,0.03112436322274544,0.03373947534759275,0.7248206184157082,0.5950000000000003
0.015609344164926452,0.03209352835488417,-3.6715523019611993,47.07844769803879,0.09434097034743585,0.08588345059088176,0.055239232370911134,54.0,0.0318596333543826,0.03499706526562288,0.7419358049367015,0.6050000000000003
0.015989856325758032,0.03192947495228751,-3.646733988926485,46.6032660110735,0.0970081721418493,0.08718132756667836,0.0564726280236123,54.0,0.03268563215628852,0.03636986863221737,0.7610568049351385,0.6150000000000003
0.01642150849539254,0.03186662756391312,-3.619087854622542,46.130912145377444,0.09992395690672737,0.08868116736315518,0.0578516228970301,54.0,0.03360361187151819,0.03786379864407446,0.7822165245510508,0.6250000000000003
0.016905933271582005,0.03189900420293506,-3.5886025147625347,45.66139748523745,0.10309435041865667,0.09037840476676802,0.05937795924571457,54.0,0.03461444841857121,0.039484587983398975,0.8054406776659004,0.6350000000000003
0.01744485895331537,0.03202116207207009,-3.55527770789233,45.194722292107656,0.1065243715247387,0.0922675007663523,0.061052955702052325,54.0,0.03571863082057466,0.04123775617940475,0.8307476110239035,0.6450000000000004
0.018040121160517147,0.032228166316826214,-3.5191244005716342,44.73087559942835,0.1102179891655188,0.09434197098357865,0.06287748723930356,54.0,0.036916248226378796,0.04312857368386813,0.8581480779737997,0.6550000000000004
0.018693886468920493,0.032515244926424734,-3.480162274523096,44.26983772547688,0.1141793999061862,0.09659349385904148,0.06485268022585,54.0,0.03820659295394693,0.045162522667495854,0.8876465725463135,0.6650000000000004
0.019408265705932515,0.03287837255834894,-3.438425103308596,43.81157489669138,0.11841043967337629,0.09901362558053697,0.06697849669556638,54.0,0.0395888381415808,0.047344309462637985,0.9192379225325411,0.6750000000000004
0.020185301981812752,0.03331430315204323,-3.393961629522103,43.356038370477876,0.1229103255650751,0.10159401395396259,0.06925361673079485,54.0,0.04106212295272997,0.04967771922861731,0.9529065761150421,0.6850000000000004
0.021027417514850405,0.03381990984634761,-3.3468305749854537,42.903169425014525,0.12767827572861498,0.10432452914411779,0.0716768556292396,54.0,0.0426247448141774,0.052166580246226286,0.9886293865351443,0.6950000000000004
0.021937233863314545,0.03439248335765996,-3.297103880053733,42.452896119946246,0.13271214309746748,0.10719412075941949,0.07424641850222838,54.0,0.04427448803463233,0.05481422068665941,1.0263734483267688,0.7050000000000004
0.022917600064533944,0.035029726761274894,-3.244867509872691,42.00513249012729,0.13800831974435496,0.11019079232476965,0.0769598480743441,54.0,0.0460085873609699,0.05762339757739913,1.066095372070374,0.7150000000000004
0.023971625521962105,0.03572975492646721,-3.190222456016137,41.55977754398384,0.14356162404424486,0.1133015621683821,0.07981396314738255,54.0,0.047823684860560066,0.060596215400444804,1.1077404173089473,0.7250000000000004
0.025102718618225994,0.036491099020600146,-3.1332859722018043,41.116714027798174,0.14936516664591215,0.11651240845388747,0.08280478573921632,54.0,0.04971577877258639,0.06373403210729787,1.1512414545093967,0.7350000000000004
0.026314632290216786,0.03731271666844682,-3.074193092869237,40.67580690713074,0.15541019025071257,0.11980819549821914,0.08592745437773393,54.0,0.051680162620820515,0.06703734975466569,1.196517719288489,0.7450000000000004
0.027611518130498804,0.03819400857593121,-3.0130984965681833,40.236901503431795,0.16168587688877703,0.12317257774538343,0.08917612033890486,54.0,0.05371135242588338,0.07050568620730671,1.2434733121342023,0.7550000000000004
0.028998506982582026,0.039134028694275624,-2.9501716932607067,39.79982830673927,0.16818227783692236,0.12658535999411152,0.0925454374240266,54.0,0.05580181390649799,0.07413871691531664,1.2919995315219033,0.7650000000000005
0.030480400492048573,0.04013369782266766,-2.885618880194883,39.364381119805095,0.17488144311008003,0.1300291068387127,0.09602600247924926,53.0,0.057945007212671026,0.0779326008517881,1.341961492331841,0.7750000000000005
0.032062841771091546,0.04119415570716823,-2.8196715415195683,38.93032845848041,0.18176390197351486,0.13348363034144028,0.09960770580518218,53.0,0.06013282185768675,0.08188252229560593,1.3932042230212442,0.7850000000000005
0.03375237884104823,0.04231690885471694,-2.7525917544634098,38.49740824553657,0.18880766820856104,0.13692616130809565,0.10327918863303921,53.0,0.062355586487420483,0.08598220217374221,1.445548679366389,0.7950000000000005
0.03555644585928931,0.0435041479870803,-2.684679529706287,38.065320470293685,0.19598685893947793,0.14033168553409012,0.10702713287615356,53.0,0.06460218077645347,0.090223233924898,1.498786500382994,0.8050000000000005
0.037483546425475266,0.04475883667362257,-2.6162795466272186,37.63372045337275,0.20327102365072264,0.1436725512025193,0.11083590613358645,53.0,0.06685979371116683,0.09459467793251464,1.5526748443978937,0.8150000000000005
0.03954347632160334,0.04608483563583151,-2.54778973180472,37.20221026819525,0.21062429024162638,0.14691796650447353,0.1146871125038204,53.0,0.06911361970702594,0.0990825522784429,1.6069298474856155,0.8250000000000005
0.041747187180716815,0.04748597758717987,-2.4796317106348127,36.77036828936516,0.21800234996814266,0.15003012864184526,0.11855785199605907,53.0,0.07134486528271528,0.10366816605831039,1.6611955695984693,0.8350000000000005
0.04410738972276647,0.04896701888845863,-2.4122921315916273,36.337707868408344,0.22535234603906973,0.15296578613837306,0.12242074992304657,53.0,0.07353135717193839,0.10832790955713081,1.7150492132335482,0.8450000000000005
0.04664079039509812,0.05053826414037268,-2.3465045769274866,35.903495423072485,0.23261874473542657,0.15568781861507816,0.12624768828006397,53.0,0.07565333768101412,0.11303636085950314,1.768077293951942,0.8550000000000005
0.04936620286118007,0.052209392426250154,-2.2830302634631323,35.46696973653684,0.23972923200792098,0.1581442841685621,0.1300014529744689,53.0,0.07768290132850038,0.11775868077393711,1.8197195947235039,0.8650000000000005
0.05230637668887727,0.05399251568546937,-2.22278692752748,35.02721307247249,0.24659580812867324,0.16027411482862475,0.13363665525805973,53.0,0.07958660253658256,0.12245098086930106,1.8692968147693796,0.8750000000000006
0.05548920367510454,0.05590288089506237,-2.166896045931928,34.583103954068044,0.2531100688885776,0.16200439868605856,0.13709723100914445,53.0,0.08132385483616104,0.12705757786091995,1.9159747907650657,0.8850000000000006
0.058949438443367544,0.05795985508451208,-2.116749847675578,34.13325015232439,0.2591364971090223,0.1632465437315983,0.1403128720774996,52.0,0.0828446712490181,0.131507089956623,1.9587136609703435,0.8950000000000006
0.0627311860981626,0.060188393677594244,-2.0741093685474254,33.675890631452546,0.26450263057118334,0.16389069445788246,0.14319379118572342,52.0,0.08408638552872108,0.1357067296660034,1.9961935015741525,0.9050000000000006
0.06689173725579499,0.06262114440869113,-2.041251919418933,33.20874808058104,0.26898424356117406,0.16379739347227376,0.14562277098722662,52.0,0.08496873419408617,0.13953366539630238,2.026702123920948,0.9150000000000006
0.07150754415237093,0.06530180594018224,-2.0212031555294487,32.72879684447052,0.27228198720480684,0.16278454081983618,0.14744261048043553,52.0,0.08538618489264417,0.1428214250893607,2.047958503688869,0.9250000000000006
0.07668418627201176,0.06829050595347921,-2.0181193211674753,32.231880678832496,0.2739828342317318,0.1606060733843846,0.14843528944647527,52.0,0.08519537185903352,0.14533740196423875,2.056821346266816,0.9350000000000006
0.08257399998142767,0.07167300153657433,-2.037957308241694,31.712042691758278,0.2734923542667341,0.15691487813978827,0.14828518842965524,52.0,0.08419322279706531,0.146743272461137,2.0487773583024422,0.9450000000000006
0.08941000886497352,0.07557751213276204,-2.0897467331806467,31.160253266819325,0.2699058630524227,0.15119296814965272,0.1465087258244171,52.0,0.08207573020742423,0.1465195178612116,2.0169678915221385,0.9550000000000006
0.09757917727929231,0.08020838406195721,-2.1882823316294733,30.5617176683705,0.26173508085917213,0.1426050239641651,0.1423041837915887,51.0,0.07835135113208201,0.14380487204387768,1.9501244112776266,0.9650000000000006
0.10780969977498914,0.08592198820462929,-2.3608027524002857,29.889197247599686,0.24622841430775083,0.1296386629474062,0.13417575881927526,51.0,0.07212796323883013,0.13699581291385282,1.8274350827528771,0.9750000000000006
0.12180205571188032,0.09341016615718342,-2.6680040864544914,29.081995913545473,0.21717258273172863,0.10894394409842398,0.11870583246706727,51.0,0.06142356289397229,0.12244383021618277,1.601883051868119,0.9850000000000007
0.1464010289699207,0.10404229589213211,-3.3257242322787377,27.924275767721227,0.15244974129263364,0.06892306776999169,0.08353994862695882,50.0,0.039353540513751395,0.08704541548109475,1.1061084140013788,0.9950000000000007
